28	2026-03-02 08:05:11	1	0	1	0	0	0	0	0	0
19	2026-03-02 08:07:46	1	0	1	0	0	0	0	0	0
25	2026-03-02 08:12:40	1	0	1	0	0	0	0	0	0
13	2026-03-02 08:24:53	1	0	1	0	0	0	0	0	0
10	2026-03-02 08:24:56	1	0	1	0	0	0	0	0	0
7	2026-03-02 08:26:33	1	0	1	0	0	0	0	0	0
21	2026-03-02 08:29:06	1	0	1	0	0	0	0	0	0
12	2026-03-02 08:29:06	1	0	1	0	0	0	0	0	0
9	2026-03-02 08:30:25	1	0	1	0	0	0	0	0	0
15	2026-03-02 08:32:23	1	0	1	0	0	0	0	0	0
8	2026-03-02 08:33:27	1	0	1	0	0	0	0	0	0
23	2026-03-02 08:36:24	1	0	1	0	0	0	0	0	0
11	2026-03-02 08:41:42	1	0	1	0	0	0	0	0	0
17	2026-03-02 08:43:05	1	0	1	0	0	0	0	0	0
29	2026-03-02 08:44:31	1	0	1	0	0	0	0	0	0
22	2026-03-02 08:28:08	1	0	1	0	0	0	0	0	0
18	2026-03-02 10:26:58	1	0	1	0	0	0	0	0	0
25	2026-03-02 16:20:34	1	1	1	0	0	0	0	0	0
7	2026-03-02 16:25:53	1	1	1	0	0	0	0	0	0
13	2026-03-02 16:49:16	1	1	1	0	0	0	0	0	0
9	2026-03-02 17:00:21	1	1	1	0	0	0	0	0	0
13	2026-03-02 17:03:51	1	1	1	0	0	0	0	0	0
12	2026-03-02 17:04:23	1	1	1	0	0	0	0	0	0
22	2026-03-02 17:04:23	1	1	1	0	0	0	0	0	0
8	2026-03-02 17:06:36	1	1	1	0	0	0	0	0	0
10	2026-03-02 17:08:38	1	1	1	0	0	0	0	0	0
21	2026-03-02 17:09:10	1	1	1	0	0	0	0	0	0
21	2026-03-02 17:16:21	1	1	1	0	0	0	0	0	0
29	2026-03-02 17:38:19	1	1	1	0	0	0	0	0	0
11	2026-03-02 17:57:46	1	1	1	0	0	0	0	0	0
23	2026-03-02 18:00:21	1	1	1	0	0	0	0	0	0
15	2026-03-02 18:33:33	1	1	1	0	0	0	0	0	0
20	2026-03-02 19:11:26	1	1	1	0	0	0	0	0	0
4	2026-03-02 20:23:48	1	1	1	0	0	0	0	0	0
2	2026-03-02 20:23:53	1	1	1	0	0	0	0	0	0
3	2026-03-02 20:24:05	1	1	1	0	0	0	0	0	0
28	2026-03-03 08:01:21	1	1	1	0	0	0	0	0	0
19	2026-03-03 08:08:12	1	0	1	0	0	0	0	0	0
25	2026-03-03 08:09:31	1	0	1	0	0	0	0	0	0
10	2026-03-03 08:15:12	1	0	1	0	0	0	0	0	0
7	2026-03-03 08:25:18	1	0	1	0	0	0	0	0	0
23	2026-03-03 08:26:20	1	0	1	0	0	0	0	0	0
21	2026-03-03 08:27:28	1	0	1	0	0	0	0	0	0
11	2026-03-03 08:33:29	1	0	1	0	0	0	0	0	0
12	2026-03-03 08:33:58	1	0	1	0	0	0	0	0	0
2	2026-03-03 08:34:07	1	0	1	0	0	0	0	0	0
8	2026-03-03 08:34:34	1	0	1	0	0	0	0	0	0
9	2026-03-03 08:27:03	1	0	1	0	0	0	0	0	0
13	2026-03-03 08:37:28	1	0	1	0	0	0	0	0	0
22	2026-03-03 08:27:55	1	0	1	0	0	0	0	0	0
15	2026-03-03 08:39:35	1	0	1	0	0	0	0	0	0
14	2026-03-03 08:39:58	1	0	1	0	0	0	0	0	0
29	2026-03-03 08:44:27	1	0	1	0	0	0	0	0	0
21	2026-03-03 16:32:48	1	1	1	0	0	0	0	0	0
8	2026-03-03 16:35:39	1	1	1	0	0	0	0	0	0
8	2026-03-03 16:37:16	1	1	1	0	0	0	0	0	0
25	2026-03-03 16:42:50	1	1	1	0	0	0	0	0	0
7	2026-03-03 16:52:43	1	1	1	0	0	0	0	0	0
9	2026-03-03 16:55:37	1	1	1	0	0	0	0	0	0
13	2026-03-03 17:02:43	1	1	1	0	0	0	0	0	0
10	2026-03-03 17:04:22	1	1	1	0	0	0	0	0	0
12	2026-03-03 17:02:43	1	1	1	0	0	0	0	0	0
11	2026-03-03 17:13:41	1	1	1	0	0	0	0	0	0
23	2026-03-03 17:19:35	1	1	1	0	0	0	0	0	0
29	2026-03-03 18:03:35	1	1	1	0	0	0	0	0	0
29	2026-03-03 18:38:46	1	1	1	0	0	0	0	0	0
15	2026-03-03 19:01:19	1	1	1	0	0	0	0	0	0
20	2026-03-03 19:01:21	1	1	1	0	0	0	0	0	0
14	2026-03-03 20:03:24	1	1	1	0	0	0	0	0	0
2	2026-03-03 20:43:17	1	1	1	0	0	0	0	0	0
3	2026-03-03 20:43:24	1	1	1	0	0	0	0	0	0
25	2026-03-04 08:13:59	1	0	1	0	0	0	0	0	0
28	2026-03-04 08:15:43	1	0	1	0	0	0	0	0	0
19	2026-03-04 08:20:54	1	0	1	0	0	0	0	0	0
7	2026-03-04 08:27:57	1	0	1	0	0	0	0	0	0
13	2026-03-04 08:28:03	1	0	1	0	0	0	0	0	0
9	2026-03-04 08:29:13	1	0	1	0	0	0	0	0	0
11	2026-03-04 08:30:04	1	0	1	0	0	0	0	0	0
21	2026-03-04 08:30:10	1	0	1	0	0	0	0	0	0
23	2026-03-04 08:31:28	1	0	1	0	0	0	0	0	0
10	2026-03-04 08:31:44	1	0	1	0	0	0	0	0	0
8	2026-03-04 08:32:18	1	0	1	0	0	0	0	0	0
2	2026-03-04 08:33:49	1	0	1	0	0	0	0	0	0
15	2026-03-04 08:42:23	1	0	1	0	0	0	0	0	0
3	2026-03-04 08:42:51	1	0	1	0	0	0	0	0	0
29	2026-03-04 08:47:16	1	0	1	0	0	0	0	0	0
14	2026-03-04 08:48:19	1	0	1	0	0	0	0	0	0
13	2026-03-04 15:52:19	1	1	1	0	0	0	0	0	0
9	2026-03-04 16:17:34	1	1	1	0	0	0	0	0	0
21	2026-03-04 16:22:18	1	1	1	0	0	0	0	0	0
25	2026-03-04 16:27:25	1	1	1	0	0	0	0	0	0
8	2026-03-04 16:27:28	1	1	1	0	0	0	0	0	0
11	2026-03-04 16:28:24	1	1	1	0	0	0	0	0	0
10	2026-03-04 16:29:30	1	1	1	0	0	0	0	0	0
23	2026-03-04 16:47:11	1	1	1	0	0	0	0	0	0
29	2026-03-04 16:54:33	1	1	1	0	0	0	0	0	0
18	2026-03-04 20:28:34	1	1	1	0	0	0	0	0	0
22	2026-03-03 17:08:34	1	1	1	0	0	0	0	0	0
15	2026-03-04 21:41:23	1	1	1	0	0	0	0	0	0
20	2026-03-04 21:43:07	1	1	1	0	0	0	0	0	0
3	2026-03-04 22:33:40	1	1	1	0	0	0	0	0	0
2	2026-03-04 22:33:51	1	1	1	0	0	0	0	0	0
4	2026-03-04 22:33:56	1	1	1	0	0	0	0	0	0
28	2026-03-05 07:40:54	1	1	1	0	0	0	0	0	0
19	2026-03-05 07:44:46	1	0	1	0	0	0	0	0	0
25	2026-03-05 08:13:39	1	0	1	0	0	0	0	0	0
7	2026-03-05 08:18:08	1	0	1	0	0	0	0	0	0
10	2026-03-05 08:22:39	1	0	1	0	0	0	0	0	0
13	2026-03-05 08:25:48	1	0	1	0	0	0	0	0	0
23	2026-03-05 08:28:57	1	0	1	0	0	0	0	0	0
21	2026-03-05 08:29:04	1	0	1	0	0	0	0	0	0
11	2026-03-05 08:31:03	1	0	1	0	0	0	0	0	0
3	2026-03-05 08:34:41	1	0	1	0	0	0	0	0	0
20	2026-03-05 08:39:44	1	0	1	0	0	0	0	0	0
4	2026-03-05 08:44:58	1	0	1	0	0	0	0	0	0
29	2026-03-05 08:45:46	1	0	1	0	0	0	0	0	0
15	2026-03-05 08:46:23	1	0	1	0	0	0	0	0	0
9	2026-03-05 08:26:46	1	0	1	0	0	0	0	0	0
17	2026-03-05 08:53:32	1	0	1	0	0	0	0	0	0
14	2026-03-05 09:14:51	1	0	1	0	0	0	0	0	0
13	2026-03-05 15:49:16	1	1	1	0	0	0	0	0	0
29	2026-03-05 16:24:21	1	1	1	0	0	0	0	0	0
29	2026-03-05 16:42:21	1	1	1	0	0	0	0	0	0
25	2026-03-05 16:43:55	1	1	1	0	0	0	0	0	0
21	2026-03-05 16:45:43	1	1	1	0	0	0	0	0	0
11	2026-03-05 17:05:08	1	1	1	0	0	0	0	0	0
23	2026-03-05 17:06:31	1	1	1	0	0	0	0	0	0
10	2026-03-05 17:27:11	1	1	1	0	0	0	0	0	0
8	2026-03-05 17:27:27	1	1	1	0	0	0	0	0	0
9	2026-03-05 17:28:38	1	1	1	0	0	0	0	0	0
20	2026-03-05 19:55:40	1	1	1	0	0	0	0	0	0
6	2026-03-05 20:15:07	1	1	1	0	0	0	0	0	0
14	2026-03-05 20:39:03	1	1	1	0	0	0	0	0	0
15	2026-03-05 20:39:25	1	1	1	0	0	0	0	0	0
4	2026-03-05 21:19:17	1	1	1	0	0	0	0	0	0
2	2026-03-05 21:19:22	1	1	1	0	0	0	0	0	0
28	2026-03-06 08:06:31	1	0	1	0	0	0	0	0	0
25	2026-03-06 08:12:45	1	0	1	0	0	0	0	0	0
7	2026-03-06 08:20:14	1	0	1	0	0	0	0	0	0
13	2026-03-06 08:28:00	1	0	1	0	0	0	0	0	0
10	2026-03-06 08:28:18	1	0	1	0	0	0	0	0	0
12	2026-03-06 08:28:18	1	0	1	0	0	0	0	0	0
19	2026-03-06 08:28:50	1	0	1	0	0	0	0	0	0
21	2026-03-06 08:29:38	1	0	1	0	0	0	0	0	0
23	2026-03-06 08:31:48	1	0	1	0	0	0	0	0	0
9	2026-03-06 08:30:51	1	0	1	0	0	0	0	0	0
2	2026-03-06 08:23:27	1	0	1	0	0	0	0	0	0
14	2026-03-06 08:37:57	1	0	1	0	0	0	0	0	0
4	2026-03-06 08:38:21	1	0	1	0	0	0	0	0	0
15	2026-03-06 08:42:29	1	0	1	0	0	0	0	0	0
11	2026-03-06 08:47:59	1	0	1	0	0	0	0	0	0
17	2026-03-06 08:51:35	1	0	1	0	0	0	0	0	0
20	2026-03-06 08:51:41	1	0	1	0	0	0	0	0	0
12	2026-03-06 16:01:48	1	0	1	0	0	0	0	0	0
13	2026-03-06 16:03:47	1	1	1	0	0	0	0	0	0
21	2026-03-06 16:03:49	1	1	1	0	0	0	0	0	0
11	2026-03-06 16:05:12	1	1	1	0	0	0	0	0	0
23	2026-03-06 16:44:20	1	1	1	0	0	0	0	0	0
10	2026-03-06 16:46:07	1	1	1	0	0	0	0	0	0
9	2026-03-06 17:05:17	1	1	1	0	0	0	0	0	0
25	2026-03-06 17:06:22	1	1	1	0	0	0	0	0	0
7	2026-03-06 17:11:50	1	1	1	0	0	0	0	0	0
29	2026-03-06 18:25:51	1	1	1	0	0	0	0	0	0
18	2026-03-06 20:19:21	1	1	1	0	0	0	0	0	0
15	2026-03-06 20:57:53	1	1	1	0	0	0	0	0	0
3	2026-03-06 21:30:26	1	1	1	0	0	0	0	0	0
2	2026-03-06 21:30:34	1	1	1	0	0	0	0	0	0
4	2026-03-06 21:30:47	1	1	1	0	0	0	0	0	0
3	2026-03-07 07:52:36	1	1	1	0	0	0	0	0	0
7	2026-03-07 07:57:53	1	1	1	0	0	0	0	0	0
25	2026-03-07 08:10:59	1	0	1	0	0	0	0	0	0
28	2026-03-07 08:18:28	1	0	1	0	0	0	0	0	0
13	2026-03-07 08:24:51	1	0	1	0	0	0	0	0	0
29	2026-03-07 08:25:22	1	0	1	0	0	0	0	0	0
21	2026-03-07 08:26:41	1	0	1	0	0	0	0	0	0
9	2026-03-07 08:27:01	1	0	1	0	0	0	0	0	0
11	2026-03-07 08:27:05	1	0	1	0	0	0	0	0	0
8	2026-03-07 08:29:13	1	0	1	0	0	0	0	0	0
10	2026-03-07 08:29:29	1	0	1	0	0	0	0	0	0
23	2026-03-07 08:33:37	1	0	1	0	0	0	0	0	0
12	2026-03-07 08:27:32	1	0	1	0	0	0	0	0	0
19	2026-03-07 08:37:37	1	0	1	0	0	0	0	0	0
15	2026-03-07 08:40:55	1	0	1	0	0	0	0	0	0
4	2026-03-07 08:41:27	1	0	1	0	0	0	0	0	0
14	2026-03-07 08:45:16	1	0	1	0	0	0	0	0	0
20	2026-03-07 08:46:46	1	0	1	0	0	0	0	0	0
17	2026-03-07 08:48:59	1	0	1	0	0	0	0	0	0
11	2026-03-07 15:52:23	1	1	1	0	0	0	0	0	0
25	2026-03-07 16:08:46	1	1	1	0	0	0	0	0	0
13	2026-03-07 16:46:49	1	1	1	0	0	0	0	0	0
10	2026-03-07 16:46:53	1	1	1	0	0	0	0	0	0
21	2026-03-07 16:46:56	1	1	1	0	0	0	0	0	0
9	2026-03-07 16:47:06	1	1	1	0	0	0	0	0	0
8	2026-03-07 16:51:07	1	1	1	0	0	0	0	0	0
23	2026-03-07 17:09:57	1	1	1	0	0	0	0	0	0
12	2026-03-07 17:11:21	1	1	1	0	0	0	0	0	0
20	2026-03-07 18:55:02	1	1	1	0	0	0	0	0	0
6	2026-03-07 19:37:01	1	1	1	0	0	0	0	0	0
18	2026-03-07 19:44:53	1	1	1	0	0	0	0	0	0
15	2026-03-07 20:19:56	1	1	1	0	0	0	0	0	0
2	2026-03-07 21:14:39	1	1	1	0	0	0	0	0	0
4	2026-03-07 21:14:43	1	1	1	0	0	0	0	0	0
3	2026-03-07 21:14:46	1	1	1	0	0	0	0	0	0
28	2026-03-09 07:46:48	1	1	1	0	0	0	0	0	0
25	2026-03-09 08:15:10	1	0	1	0	0	0	0	0	0
7	2026-03-09 08:19:04	1	0	1	0	0	0	0	0	0
10	2026-03-09 08:24:42	1	0	1	0	0	0	0	0	0
13	2026-03-09 08:26:12	1	0	1	0	0	0	0	0	0
9	2026-03-09 08:28:38	1	0	1	0	0	0	0	0	0
4	2026-03-09 08:28:49	1	0	1	0	0	0	0	0	0
21	2026-03-09 08:28:52	1	0	1	0	0	0	0	0	0
19	2026-03-09 08:29:09	1	0	1	0	0	0	0	0	0
11	2026-03-09 08:29:52	1	0	1	0	0	0	0	0	0
3	2026-03-09 08:30:51	1	0	1	0	0	0	0	0	0
2	2026-03-09 08:34:06	1	0	1	0	0	0	0	0	0
8	2026-03-09 08:37:17	1	0	1	0	0	0	0	0	0
12	2026-03-09 08:27:50	1	0	1	0	0	0	0	0	0
14	2026-03-09 08:41:25	1	0	1	0	0	0	0	0	0
15	2026-03-09 08:41:53	1	0	1	0	0	0	0	0	0
23	2026-03-09 08:44:22	1	0	1	0	0	0	0	0	0
29	2026-03-09 08:47:27	1	0	1	0	0	0	0	0	0
17	2026-03-09 08:54:59	1	0	1	0	0	0	0	0	0
21	2026-03-09 16:29:27	1	0	1	0	0	0	0	0	0
7	2026-03-09 16:46:22	1	1	1	0	0	0	0	0	0
12	2026-03-09 16:48:44	1	1	1	0	0	0	0	0	0
25	2026-03-09 16:57:19	1	1	1	0	0	0	0	0	0
23	2026-03-09 16:58:38	1	1	1	0	0	0	0	0	0
13	2026-03-09 17:00:24	1	1	1	0	0	0	0	0	0
10	2026-03-09 17:40:09	1	1	1	0	0	0	0	0	0
9	2026-03-09 17:40:09	1	1	1	0	0	0	0	0	0
12	2026-03-09 17:41:06	1	1	1	0	0	0	0	0	0
29	2026-03-09 17:52:13	1	1	1	0	0	0	0	0	0
11	2026-03-09 17:52:56	1	1	1	0	0	0	0	0	0
15	2026-03-09 18:02:22	1	1	1	0	0	0	0	0	0
20	2026-03-09 18:05:08	1	1	1	0	0	0	0	0	0
29	2026-03-09 18:42:07	1	1	1	0	0	0	0	0	0
8	2026-03-09 18:50:20	1	1	1	0	0	0	0	0	0
14	2026-03-09 20:00:49	1	1	1	0	0	0	0	0	0
4	2026-03-09 20:54:43	1	1	1	0	0	0	0	0	0
3	2026-03-09 20:54:46	1	1	1	0	0	0	0	0	0
2	2026-03-09 20:54:57	1	1	1	0	0	0	0	0	0
28	2026-03-10 08:04:06	1	1	1	0	0	0	0	0	0
25	2026-03-10 08:14:11	1	0	1	0	0	0	0	0	0
7	2026-03-10 08:19:24	1	0	1	0	0	0	0	0	0
10	2026-03-10 08:21:33	1	0	1	0	0	0	0	0	0
19	2026-03-10 08:24:04	1	0	1	0	0	0	0	0	0
22	2026-03-10 08:28:18	1	0	1	0	0	0	0	0	0
21	2026-03-10 08:28:38	1	0	1	0	0	0	0	0	0
9	2026-03-10 08:29:05	1	0	1	0	0	0	0	0	0
11	2026-03-10 08:29:13	1	0	1	0	0	0	0	0	0
13	2026-03-10 08:29:15	1	0	1	0	0	0	0	0	0
3	2026-03-10 08:31:12	1	0	1	0	0	0	0	0	0
23	2026-03-10 08:32:37	1	0	1	0	0	0	0	0	0
8	2026-03-10 08:34:21	1	0	1	0	0	0	0	0	0
2	2026-03-10 08:35:46	1	0	1	0	0	0	0	0	0
14	2026-03-10 08:36:45	1	0	1	0	0	0	0	0	0
4	2026-03-10 08:38:53	1	0	1	0	0	0	0	0	0
15	2026-03-10 08:40:27	1	0	1	0	0	0	0	0	0
29	2026-03-10 08:44:19	1	0	1	0	0	0	0	0	0
12	2026-03-10 08:28:54	1	0	1	0	0	0	0	0	0
15	2026-03-10 08:47:49	1	0	1	0	0	0	0	0	0
13	2026-03-10 16:08:37	1	1	1	0	0	0	0	0	0
8	2026-03-10 16:29:42	1	1	1	0	0	0	0	0	0
9	2026-03-10 16:33:59	1	1	1	0	0	0	0	0	0
8	2026-03-10 16:34:02	1	1	1	0	0	0	0	0	0
10	2026-03-10 16:37:48	1	1	1	0	0	0	0	0	0
21	2026-03-10 16:37:53	1	1	1	0	0	0	0	0	0
7	2026-03-10 16:44:05	1	1	1	0	0	0	0	0	0
25	2026-03-10 16:59:34	1	1	1	0	0	0	0	0	0
11	2026-03-10 17:09:05	1	1	1	0	0	0	0	0	0
22	2026-03-10 17:09:05	1	1	1	0	0	0	0	0	0
23	2026-03-10 17:13:23	1	1	1	0	0	0	0	0	0
12	2026-03-10 17:18:31	1	1	1	0	0	0	0	0	0
29	2026-03-10 19:34:23	1	1	1	0	0	0	0	0	0
29	2026-03-10 20:11:03	1	1	1	0	0	0	0	0	0
18	2026-03-10 20:56:06	1	1	1	0	0	0	0	0	0
15	2026-03-10 21:17:16	1	1	1	0	0	0	0	0	0
2	2026-03-10 22:49:57	1	1	1	0	0	0	0	0	0
4	2026-03-10 22:50:04	1	1	1	0	0	0	0	0	0
3	2026-03-10 22:50:21	1	1	1	0	0	0	0	0	0
28	2026-03-11 07:51:27	1	1	1	0	0	0	0	0	0
25	2026-03-11 08:13:41	1	0	1	0	0	0	0	0	0
19	2026-03-11 08:17:30	1	0	1	0	0	0	0	0	0
7	2026-03-11 08:18:14	1	0	1	0	0	0	0	0	0
10	2026-03-11 08:20:00	1	0	1	0	0	0	0	0	0
2	2026-03-11 08:26:37	1	0	1	0	0	0	0	0	0
13	2026-03-11 08:27:05	1	0	1	0	0	0	0	0	0
21	2026-03-11 08:30:33	1	0	1	0	0	0	0	0	0
11	2026-03-11 08:31:00	1	0	1	0	0	0	0	0	0
9	2026-03-11 08:21:08	1	0	1	0	0	0	0	0	0
8	2026-03-11 08:35:24	1	0	1	0	0	0	0	0	0
23	2026-03-11 08:35:37	1	0	1	0	0	0	0	0	0
14	2026-03-11 08:37:19	1	0	1	0	0	0	0	0	0
12	2026-03-11 08:29:09	1	0	1	0	0	0	0	0	0
22	2026-03-11 08:22:33	1	0	1	0	0	0	0	0	0
4	2026-03-11 08:42:56	1	0	1	0	0	0	0	0	0
17	2026-03-11 08:44:52	1	0	1	0	0	0	0	0	0
15	2026-03-11 08:49:32	1	0	1	0	0	0	0	0	0
29	2026-03-11 08:49:51	1	0	1	0	0	0	0	0	0
3	2026-03-11 08:50:09	1	0	1	0	0	0	0	0	0
25	2026-03-11 16:12:51	1	1	1	0	0	0	0	0	0
10	2026-03-11 16:28:49	1	1	1	0	0	0	0	0	0
21	2026-03-11 16:28:56	1	1	1	0	0	0	0	0	0
13	2026-03-11 16:28:58	1	1	1	0	0	0	0	0	0
29	2026-03-11 16:34:39	1	1	1	0	0	0	0	0	0
12	2026-03-11 16:36:17	1	1	1	0	0	0	0	0	0
7	2026-03-11 16:56:58	1	1	1	0	0	0	0	0	0
23	2026-03-11 16:59:57	1	1	1	0	0	0	0	0	0
8	2026-03-11 17:04:22	1	1	1	0	0	0	0	0	0
22	2026-03-11 17:05:05	1	1	1	0	0	0	0	0	0
9	2026-03-11 17:29:45	1	1	1	0	0	0	0	0	0
11	2026-03-11 17:32:30	1	1	1	0	0	0	0	0	0
15	2026-03-11 22:11:26	1	1	1	0	0	0	0	0	0
20	2026-03-11 22:24:54	1	1	1	0	0	0	0	0	0
2	2026-03-11 22:49:26	1	1	1	0	0	0	0	0	0
4	2026-03-11 22:49:28	1	1	1	0	0	0	0	0	0
3	2026-03-11 22:49:45	1	1	1	0	0	0	0	0	0
28	2026-03-12 08:00:21	1	1	1	0	0	0	0	0	0
11	2026-03-12 08:10:40	1	0	1	0	0	0	0	0	0
25	2026-03-12 08:11:29	1	0	1	0	0	0	0	0	0
23	2026-03-12 08:18:13	1	0	1	0	0	0	0	0	0
7	2026-03-12 08:19:25	1	0	1	0	0	0	0	0	0
10	2026-03-12 08:19:29	1	0	1	0	0	0	0	0	0
19	2026-03-12 08:27:59	1	0	1	0	0	0	0	0	0
9	2026-03-12 08:28:26	1	0	1	0	0	0	0	0	0
13	2026-03-12 08:29:02	1	0	1	0	0	0	0	0	0
21	2026-03-12 08:29:40	1	0	1	0	0	0	0	0	0
3	2026-03-12 08:33:56	1	0	1	0	0	0	0	0	0
22	2026-03-12 08:24:52	1	0	1	0	0	0	0	0	0
8	2026-03-12 08:37:27	1	0	1	0	0	0	0	0	0
4	2026-03-12 08:38:20	1	0	1	0	0	0	0	0	0
15	2026-03-12 08:40:19	1	0	1	0	0	0	0	0	0
12	2026-03-12 08:24:46	1	0	1	0	0	0	0	0	0
29	2026-03-12 08:43:12	1	0	1	0	0	0	0	0	0
17	2026-03-12 08:45:55	1	0	1	0	0	0	0	0	0
14	2026-03-12 08:50:23	1	0	1	0	0	0	0	0	0
2	2026-03-12 09:01:57	1	0	1	0	0	0	0	0	0
11	2026-03-12 15:56:24	1	1	1	0	0	0	0	0	0
13	2026-03-12 15:56:37	1	1	1	0	0	0	0	0	0
9	2026-03-12 16:26:00	1	1	1	0	0	0	0	0	0
10	2026-03-12 16:37:44	1	1	1	0	0	0	0	0	0
7	2026-03-12 16:44:30	1	1	1	0	0	0	0	0	0
21	2026-03-12 16:48:03	1	1	1	0	0	0	0	0	0
22	2026-03-12 16:52:22	1	1	1	0	0	0	0	0	0
25	2026-03-12 16:56:28	1	1	1	0	0	0	0	0	0
29	2026-03-12 17:22:24	1	1	1	0	0	0	0	0	0
23	2026-03-12 17:28:09	1	1	1	0	0	0	0	0	0
12	2026-03-12 17:37:23	1	1	1	0	0	0	0	0	0
15	2026-03-12 20:35:34	1	1	1	0	0	0	0	0	0
20	2026-03-12 21:21:08	1	1	1	0	0	0	0	0	0
3	2026-03-12 21:28:24	1	1	1	0	0	0	0	0	0
4	2026-03-12 21:28:38	1	1	1	0	0	0	0	0	0
2	2026-03-12 21:28:46	1	1	1	0	0	0	0	0	0
28	2026-03-13 07:58:40	1	0	1	0	0	0	0	0	0
7	2026-03-13 08:03:45	1	0	1	0	0	0	0	0	0
11	2026-03-13 08:09:16	1	0	1	0	0	0	0	0	0
19	2026-03-13 08:17:31	1	0	1	0	0	0	0	0	0
25	2026-03-13 08:17:52	1	0	1	0	0	0	0	0	0
10	2026-03-13 08:21:24	1	0	1	0	0	0	0	0	0
23	2026-03-13 08:31:23	1	0	1	0	0	0	0	0	0
21	2026-03-13 08:31:31	1	0	1	0	0	0	0	0	0
8	2026-03-13 08:35:46	1	0	1	0	0	0	0	0	0
22	2026-03-13 08:30:01	1	0	1	0	0	0	0	0	0
9	2026-03-13 08:30:07	1	0	1	0	0	0	0	0	0
15	2026-03-13 08:40:56	1	0	1	0	0	0	0	0	0
4	2026-03-13 08:41:22	1	0	1	0	0	0	0	0	0
29	2026-03-13 08:42:58	1	0	1	0	0	0	0	0	0
17	2026-03-13 08:45:15	1	0	1	0	0	0	0	0	0
12	2026-03-13 08:27:07	1	0	1	0	0	0	0	0	0
14	2026-03-13 08:53:55	1	0	1	0	0	0	0	0	0
13	2026-03-13 08:56:37	1	0	1	0	0	0	0	0	0
8	2026-03-13 16:36:13	1	0	1	0	0	0	0	0	0
7	2026-03-13 16:47:04	1	0	1	0	0	0	0	0	0
21	2026-03-13 16:47:38	1	1	1	0	0	0	0	0	0
11	2026-03-13 16:51:41	1	1	1	0	0	0	0	0	0
8	2026-03-13 16:53:58	1	1	1	0	0	0	0	0	0
10	2026-03-13 16:54:31	1	1	1	0	0	0	0	0	0
23	2026-03-13 16:55:42	1	1	1	0	0	0	0	0	0
22	2026-03-13 16:55:47	1	1	1	0	0	0	0	0	0
25	2026-03-13 17:04:21	1	1	1	0	0	0	0	0	0
9	2026-03-13 17:20:12	1	1	1	0	0	0	0	0	0
12	2026-03-13 17:20:12	1	1	1	0	0	0	0	0	0
18	2026-03-13 21:31:13	1	1	1	0	0	0	0	0	0
15	2026-03-13 21:45:53	1	1	1	0	0	0	0	0	0
4	2026-03-13 22:08:05	1	1	1	0	0	0	0	0	0
2	2026-03-13 22:08:16	1	1	1	0	0	0	0	0	0
3	2026-03-13 22:08:20	1	1	1	0	0	0	0	0	0
3	2026-03-14 07:57:31	1	1	1	0	0	0	0	0	0
11	2026-03-14 08:07:02	1	0	1	0	0	0	0	0	0
28	2026-03-14 08:10:56	1	0	1	0	0	0	0	0	0
25	2026-03-14 08:15:58	1	0	1	0	0	0	0	0	0
7	2026-03-14 08:24:34	1	0	1	0	0	0	0	0	0
17	2026-03-14 08:26:44	1	0	1	0	0	0	0	0	0
13	2026-03-14 08:27:54	1	0	1	0	0	0	0	0	0
9	2026-03-14 08:29:52	1	0	1	0	0	0	0	0	0
21	2026-03-14 08:30:24	1	0	1	0	0	0	0	0	0
10	2026-03-14 08:32:44	1	0	1	0	0	0	0	0	0
19	2026-03-14 08:34:10	1	0	1	0	0	0	0	0	0
2	2026-03-14 08:35:45	1	0	1	0	0	0	0	0	0
12	2026-03-14 08:26:45	1	0	1	0	0	0	0	0	0
23	2026-03-14 08:38:24	1	0	1	0	0	0	0	0	0
8	2026-03-14 08:39:39	1	0	1	0	0	0	0	0	0
15	2026-03-14 08:40:01	1	0	1	0	0	0	0	0	0
4	2026-03-14 08:42:24	1	0	1	0	0	0	0	0	0
22	2026-03-14 08:26:08	1	0	1	0	0	0	0	0	0
14	2026-03-14 08:47:28	1	0	1	0	0	0	0	0	0
29	2026-03-14 12:21:56	1	1	1	0	0	0	0	0	0
13	2026-03-14 15:50:19	1	1	1	0	0	0	0	0	0
25	2026-03-14 16:14:34	1	1	1	0	0	0	0	0	0
11	2026-03-14 16:20:34	1	1	1	0	0	0	0	0	0
21	2026-03-14 16:29:47	1	1	1	0	0	0	0	0	0
8	2026-03-14 17:00:52	1	1	1	0	0	0	0	0	0
12	2026-03-14 17:05:08	1	1	1	0	0	0	0	0	0
29	2026-03-14 17:07:32	1	1	1	0	0	0	0	0	0
22	2026-03-14 17:08:05	1	1	1	0	0	0	0	0	0
10	2026-03-14 17:09:12	1	1	1	0	0	0	0	0	0
23	2026-03-14 17:19:20	1	1	1	0	0	0	0	0	0
9	2026-03-14 17:28:54	1	1	1	0	0	0	0	0	0
20	2026-03-14 19:15:14	1	1	1	0	0	0	0	0	0
18	2026-03-14 20:49:02	1	1	1	0	0	0	0	0	0
15	2026-03-14 21:47:40	1	1	1	0	0	0	0	0	0
4	2026-03-14 22:12:50	1	1	1	0	0	0	0	0	0
2	2026-03-14 22:13:11	1	1	1	0	0	0	0	0	0
28	2026-03-16 08:14:12	1	0	1	0	0	0	0	0	0
19	2026-03-16 08:16:38	1	0	1	0	0	0	0	0	0
25	2026-03-16 08:16:59	1	0	1	0	0	0	0	0	0
23	2026-03-16 08:24:15	1	0	1	0	0	0	0	0	0
13	2026-03-16 08:26:20	1	0	1	0	0	0	0	0	0
7	2026-03-16 08:27:23	1	0	1	0	0	0	0	0	0
10	2026-03-16 08:27:56	1	0	1	0	0	0	0	0	0
21	2026-03-16 08:28:02	1	0	1	0	0	0	0	0	0
11	2026-03-16 08:29:11	1	0	1	0	0	0	0	0	0
2	2026-03-16 08:29:15	1	0	1	0	0	0	0	0	0
14	2026-03-16 08:33:10	1	0	1	0	0	0	0	0	0
15	2026-03-16 08:36:10	1	0	1	0	0	0	0	0	0
15	2026-03-16 08:37:41	1	0	1	0	0	0	0	0	0
4	2026-03-16 08:42:28	1	0	1	0	0	0	0	0	0
20	2026-03-16 08:44:34	1	0	1	0	0	0	0	0	0
12	2026-03-16 08:35:08	1	0	1	0	0	0	0	0	0
22	2026-03-16 08:26:39	1	0	1	0	0	0	0	0	0
3	2026-03-16 08:48:44	1	0	1	0	0	0	0	0	0
29	2026-03-16 08:55:01	1	0	1	0	0	0	0	0	0
17	2026-03-16 08:55:07	1	0	1	0	0	0	0	0	0
13	2026-03-16 16:20:31	1	1	1	0	0	0	0	0	0
12	2026-03-16 16:21:35	1	1	1	0	0	0	0	0	0
7	2026-03-16 16:37:23	1	1	1	0	0	0	0	0	0
25	2026-03-16 16:41:53	1	1	1	0	0	0	0	0	0
21	2026-03-16 16:45:24	1	1	1	0	0	0	0	0	0
23	2026-03-16 16:58:32	1	1	1	0	0	0	0	0	0
15	2026-03-16 17:11:20	1	1	1	0	0	0	0	0	0
15	2026-03-16 17:11:20	1	1	1	0	0	0	0	0	0
22	2026-03-16 17:10:20	1	1	1	0	0	0	0	0	0
29	2026-03-16 17:13:11	1	1	1	0	0	0	0	0	0
21	2026-03-16 17:16:31	1	1	1	0	0	0	0	0	0
11	2026-03-16 17:33:56	1	1	1	0	0	0	0	0	0
29	2026-03-16 18:18:15	1	1	1	0	0	0	0	0	0
20	2026-03-16 18:40:44	1	1	1	0	0	0	0	0	0
14	2026-03-16 20:57:01	1	1	1	0	0	0	0	0	0
4	2026-03-16 21:14:30	1	1	1	0	0	0	0	0	0
2	2026-03-16 21:15:42	1	1	1	0	0	0	0	0	0
3	2026-03-16 21:16:05	1	1	1	0	0	0	0	0	0
28	2026-03-17 08:03:10	1	0	1	0	0	0	0	0	0
25	2026-03-17 08:16:40	1	0	1	0	0	0	0	0	0
19	2026-03-17 08:18:27	1	0	1	0	0	0	0	0	0
7	2026-03-17 08:19:23	1	0	1	0	0	0	0	0	0
10	2026-03-17 08:21:43	1	0	1	0	0	0	0	0	0
11	2026-03-17 08:26:29	1	0	1	0	0	0	0	0	0
21	2026-03-17 08:27:16	1	0	1	0	0	0	0	0	0
13	2026-03-17 08:30:46	1	0	1	0	0	0	0	0	0
9	2026-03-17 08:31:17	1	0	1	0	0	0	0	0	0
23	2026-03-17 08:34:48	1	0	1	0	0	0	0	0	0
8	2026-03-17 08:37:54	1	0	1	0	0	0	0	0	0
22	2026-03-17 08:28:53	1	0	1	0	0	0	0	0	0
29	2026-03-17 08:40:19	1	0	1	0	0	0	0	0	0
12	2026-03-17 08:31:13	1	0	1	0	0	0	0	0	0
3	2026-03-17 08:41:21	1	0	1	0	0	0	0	0	0
2	2026-03-17 08:42:25	1	0	1	0	0	0	0	0	0
4	2026-03-17 08:43:16	1	0	1	0	0	0	0	0	0
20	2026-03-17 08:48:00	1	0	1	0	0	0	0	0	0
14	2026-03-17 08:52:30	1	0	1	0	0	0	0	0	0
15	2026-03-17 08:52:46	1	0	1	0	0	0	0	0	0
13	2026-03-17 16:20:41	1	1	1	0	0	0	0	0	0
21	2026-03-17 16:20:48	1	1	1	0	0	0	0	0	0
9	2026-03-17 16:20:54	1	1	1	0	0	0	0	0	0
25	2026-03-17 16:38:57	1	1	1	0	0	0	0	0	0
23	2026-03-17 17:02:46	1	1	1	0	0	0	0	0	0
22	2026-03-17 17:16:34	1	1	1	0	0	0	0	0	0
12	2026-03-17 17:23:40	1	1	1	0	0	0	0	0	0
29	2026-03-17 17:35:02	1	1	1	0	0	0	0	0	0
10	2026-03-17 17:37:18	1	1	1	0	0	0	0	0	0
11	2026-03-17 17:37:21	1	1	1	0	0	0	0	0	0
8	2026-03-17 17:37:26	1	1	1	0	0	0	0	0	0
29	2026-03-17 17:54:34	1	1	1	0	0	0	0	0	0
15	2026-03-17 20:41:38	1	1	1	0	0	0	0	0	0
20	2026-03-17 20:43:58	1	1	1	0	0	0	0	0	0
2	2026-03-17 22:17:40	1	1	1	0	0	0	0	0	0
3	2026-03-17 22:17:53	1	1	1	0	0	0	0	0	0
4	2026-03-17 22:17:55	1	1	1	0	0	0	0	0	0
28	2026-03-18 07:53:33	1	1	1	0	0	0	0	0	0
7	2026-03-18 08:06:02	1	0	1	0	0	0	0	0	0
10	2026-03-18 08:06:26	1	0	1	0	0	0	0	0	0
25	2026-03-18 08:13:54	1	0	1	0	0	0	0	0	0
19	2026-03-18 08:17:18	1	0	1	0	0	0	0	0	0
21	2026-03-18 08:22:50	1	0	1	0	0	0	0	0	0
11	2026-03-18 08:27:21	1	0	1	0	0	0	0	0	0
23	2026-03-18 08:28:40	1	0	1	0	0	0	0	0	0
29	2026-03-18 08:29:19	1	0	1	0	0	0	0	0	0
13	2026-03-18 08:32:31	1	0	1	0	0	0	0	0	0
15	2026-03-18 08:34:47	1	0	1	0	0	0	0	0	0
9	2026-03-18 08:37:37	1	0	1	0	0	0	0	0	0
3	2026-03-18 08:39:23	1	0	1	0	0	0	0	0	0
12	2026-03-18 08:26:16	1	0	1	0	0	0	0	0	0
8	2026-03-18 08:48:10	1	0	1	0	0	0	0	0	0
22	2026-03-18 08:30:37	1	0	1	0	0	0	0	0	0
17	2026-03-18 08:51:07	1	0	1	0	0	0	0	0	0
20	2026-03-18 08:54:11	1	0	1	0	0	0	0	0	0
14	2026-03-18 09:02:41	1	0	1	0	0	0	0	0	0
21	2026-03-18 16:04:32	1	1	1	0	0	0	0	0	0
25	2026-03-18 16:48:17	1	1	1	0	0	0	0	0	0
8	2026-03-18 16:51:04	1	1	1	0	0	0	0	0	0
13	2026-03-18 16:55:20	1	1	1	0	0	0	0	0	0
11	2026-03-18 17:04:14	1	1	1	0	0	0	0	0	0
10	2026-03-18 17:04:20	1	1	1	0	0	0	0	0	0
23	2026-03-18 17:04:26	1	1	1	0	0	0	0	0	0
22	2026-03-18 17:05:26	1	1	1	0	0	0	0	0	0
12	2026-03-18 17:33:48	1	1	1	0	0	0	0	0	0
29	2026-03-18 17:43:04	1	1	1	0	0	0	0	0	0
8	2026-03-18 18:29:10	1	1	1	0	0	0	0	0	0
9	2026-03-18 18:33:35	1	1	1	0	0	0	0	0	0
18	2026-03-18 19:14:37	1	1	1	0	0	0	0	0	0
19	2026-03-18 20:20:52	1	1	1	0	0	0	0	0	0
15	2026-03-18 20:22:12	1	1	1	0	0	0	0	0	0
3	2026-03-18 21:24:39	1	1	1	0	0	0	0	0	0
4	2026-03-18 21:25:42	1	1	1	0	0	0	0	0	0
2	2026-03-18 21:25:45	1	1	1	0	0	0	0	0	0
19	2026-03-19 07:57:59	1	1	1	0	0	0	0	0	0
25	2026-03-19 08:14:40	1	0	1	0	0	0	0	0	0
7	2026-03-19 08:16:40	1	0	1	0	0	0	0	0	0
15	2026-03-19 08:22:07	1	0	1	0	0	0	0	0	0
10	2026-03-19 08:25:06	1	0	1	0	0	0	0	0	0
21	2026-03-19 08:29:02	1	0	1	0	0	0	0	0	0
13	2026-03-19 08:29:16	1	0	1	0	0	0	0	0	0
11	2026-03-19 08:29:51	1	0	1	0	0	0	0	0	0
2	2026-03-19 08:30:49	1	0	1	0	0	0	0	0	0
23	2026-03-19 08:32:04	1	0	1	0	0	0	0	0	0
9	2026-03-19 08:32:52	1	0	1	0	0	0	0	0	0
4	2026-03-19 08:32:54	1	0	1	0	0	0	0	0	0
8	2026-03-19 08:32:56	1	0	1	0	0	0	0	0	0
20	2026-03-19 08:39:53	1	0	1	0	0	0	0	0	0
12	2026-03-19 08:24:11	1	0	1	0	0	0	0	0	0
29	2026-03-19 08:47:16	1	0	1	0	0	0	0	0	0
3	2026-03-19 08:47:56	1	0	1	0	0	0	0	0	0
22	2026-03-19 08:28:30	1	0	1	0	0	0	0	0	0
17	2026-03-19 08:58:26	1	0	1	0	0	0	0	0	0
21	2026-03-19 16:10:36	1	1	1	0	0	0	0	0	0
8	2026-03-19 16:10:49	1	1	1	0	0	0	0	0	0
12	2026-03-19 16:18:54	1	1	1	0	0	0	0	0	0
13	2026-03-19 16:18:57	1	1	1	0	0	0	0	0	0
11	2026-03-19 16:26:47	1	1	1	0	0	0	0	0	0
23	2026-03-19 16:38:39	1	1	1	0	0	0	0	0	0
15	2026-03-19 16:48:09	1	1	1	0	0	0	0	0	0
9	2026-03-19 16:49:22	1	1	1	0	0	0	0	0	0
10	2026-03-19 17:13:40	1	1	1	0	0	0	0	0	0
22	2026-03-19 17:16:08	1	1	1	0	0	0	0	0	0
25	2026-03-19 17:41:08	1	1	1	0	0	0	0	0	0
28	2026-03-25 07:46:48	1	1	1	0	0	0	0	0	0
22	2026-03-25 07:48:31	1	0	1	0	0	0	0	0	0
9	2026-03-25 07:49:13	1	0	1	0	0	0	0	0	0
19	2026-03-25 07:53:33	1	0	1	0	0	0	0	0	0
21	2026-03-25 07:54:28	1	0	1	0	0	0	0	0	0
2	2026-03-25 07:58:04	1	0	1	0	0	0	0	0	0
7	2026-03-25 07:58:19	1	0	1	0	0	0	0	0	0
25	2026-03-25 07:58:52	1	0	1	0	0	0	0	0	0
15	2026-03-25 07:59:41	1	0	1	0	0	0	0	0	0
23	2026-03-25 08:03:51	1	0	1	0	0	0	0	0	0
15	2026-03-25 08:04:08	1	0	1	0	0	0	0	0	0
13	2026-03-25 08:04:39	1	0	1	0	0	0	0	0	0
4	2026-03-25 08:05:20	1	0	1	0	0	0	0	0	0
29	2026-03-25 08:08:53	1	0	1	0	0	0	0	0	0
17	2026-03-25 08:11:25	1	0	1	0	0	0	0	0	0
3	2026-03-25 08:14:04	1	0	1	0	0	0	0	0	0
12	2026-03-25 08:02:17	1	0	1	0	0	0	0	0	0
18	2026-03-25 08:32:21	1	0	1	0	0	0	0	0	0
20	2026-03-25 08:32:27	1	0	1	0	0	0	0	0	0
31	2026-03-25 15:30:26	1	0	1	0	0	0	0	0	0
21	2026-03-25 16:20:34	1	1	1	0	0	0	0	0	0
13	2026-03-25 16:27:18	1	1	1	0	0	0	0	0	0
23	2026-03-25 16:32:15	1	1	1	0	0	0	0	0	0
18	2026-03-25 16:38:24	1	1	1	0	0	0	0	0	0
7	2026-03-25 16:39:51	1	1	1	0	0	0	0	0	0
25	2026-03-25 16:53:53	1	1	1	0	0	0	0	0	0
12	2026-03-25 16:57:36	1	1	1	0	0	0	0	0	0
9	2026-03-25 16:59:52	1	1	1	0	0	0	0	0	0
15	2026-03-25 17:14:43	1	1	1	0	0	0	0	0	0
3	2026-03-25 17:39:12	1	1	1	0	0	0	0	0	0
4	2026-03-25 17:53:23	1	1	1	0	0	0	0	0	0
2	2026-03-25 17:53:28	1	1	1	0	0	0	0	0	0
20	2026-03-25 18:03:00	1	1	1	0	0	0	0	0	0
22	2026-03-25 18:03:00	1	1	1	0	0	0	0	0	0
10	2026-03-26 07:54:45	1	0	1	0	0	0	0	0	0
12	2026-03-26 07:54:45	1	0	1	0	0	0	0	0	0
21	2026-03-26 07:55:03	1	0	1	0	0	0	0	0	0
19	2026-03-26 07:56:06	1	0	1	0	0	0	0	0	0
8	2026-03-26 07:56:25	1	0	1	0	0	0	0	0	0
28	2026-03-26 07:56:51	1	0	1	0	0	0	0	0	0
25	2026-03-26 07:57:15	1	0	1	0	0	0	0	0	0
31	2026-03-26 07:58:08	1	0	1	0	0	0	0	0	0
4	2026-03-26 07:58:21	1	0	1	0	0	0	0	0	0
7	2026-03-26 07:58:44	1	0	1	0	0	0	0	0	0
11	2026-03-26 08:00:07	1	0	1	0	0	0	0	0	0
2	2026-03-26 08:02:16	1	0	1	0	0	0	0	0	0
22	2026-03-26 08:02:35	1	0	1	0	0	0	0	0	0
23	2026-03-26 08:03:38	1	0	1	0	0	0	0	0	0
13	2026-03-26 08:03:47	1	0	1	0	0	0	0	0	0
15	2026-03-26 08:05:23	1	0	1	0	0	0	0	0	0
14	2026-03-26 08:05:32	1	0	1	0	0	0	0	0	0
9	2026-03-26 08:01:49	1	0	1	0	0	0	0	0	0
3	2026-03-26 08:11:43	1	0	1	0	0	0	0	0	0
29	2026-03-26 08:12:32	1	0	1	0	0	0	0	0	0
18	2026-03-26 08:39:27	1	0	1	0	0	0	0	0	0
13	2026-03-26 15:32:41	1	1	1	0	0	0	0	0	0
18	2026-03-26 15:38:04	1	1	1	0	0	0	0	0	0
10	2026-03-26 15:46:27	1	1	1	0	0	0	0	0	0
12	2026-03-26 15:57:46	1	1	1	0	0	0	0	0	0
7	2026-03-26 16:19:26	1	1	1	0	0	0	0	0	0
25	2026-03-26 16:22:29	1	1	1	0	0	0	0	0	0
11	2026-03-26 16:39:28	1	1	1	0	0	0	0	0	0
21	2026-03-26 16:41:34	1	1	1	0	0	0	0	0	0
29	2026-03-26 16:45:02	1	1	1	0	0	0	0	0	0
22	2026-03-26 17:05:48	1	1	1	0	0	0	0	0	0
9	2026-03-26 17:10:25	1	1	1	0	0	0	0	0	0
23	2026-03-26 17:18:42	1	1	1	0	0	0	0	0	0
15	2026-03-26 17:21:41	1	1	1	0	0	0	0	0	0
8	2026-03-26 17:21:57	1	1	1	0	0	0	0	0	0
31	2026-03-26 18:21:25	1	1	1	0	0	0	0	0	0
6	2026-03-26 18:21:32	1	1	1	0	0	0	0	0	0
20	2026-03-26 18:21:36	1	1	1	0	0	0	0	0	0
3	2026-03-26 18:24:17	1	1	1	0	0	0	0	0	0
4	2026-03-26 18:30:11	1	1	1	0	0	0	0	0	0
2	2026-03-26 18:30:15	1	1	1	0	0	0	0	0	0
10	2026-03-27 07:46:21	1	0	1	0	0	0	0	0	0
11	2026-03-27 07:46:49	1	0	1	0	0	0	0	0	0
21	2026-03-27 07:52:22	1	0	1	0	0	0	0	0	0
31	2026-03-27 07:52:28	1	0	1	0	0	0	0	0	0
19	2026-03-27 07:54:35	1	0	1	0	0	0	0	0	0
28	2026-03-27 07:54:43	1	0	1	0	0	0	0	0	0
7	2026-03-27 07:55:50	1	0	1	0	0	0	0	0	0
25	2026-03-27 07:57:37	1	0	1	0	0	0	0	0	0
14	2026-03-27 08:00:11	1	0	1	0	0	0	0	0	0
22	2026-03-27 08:02:26	1	0	1	0	0	0	0	0	0
4	2026-03-27 08:03:25	1	0	1	0	0	0	0	0	0
23	2026-03-27 08:04:16	1	0	1	0	0	0	0	0	0
15	2026-03-27 08:08:34	1	0	1	0	0	0	0	0	0
12	2026-03-27 08:04:07	1	0	1	0	0	0	0	0	0
9	2026-03-27 08:02:53	1	0	1	0	0	0	0	0	0
2	2026-03-27 08:17:28	1	0	1	0	0	0	0	0	0
29	2026-03-27 08:18:30	1	0	1	0	0	0	0	0	0
3	2026-03-27 08:19:38	1	0	1	0	0	0	0	0	0
17	2026-03-27 08:20:00	1	0	1	0	0	0	0	0	0
20	2026-03-27 08:25:28	1	0	1	0	0	0	0	0	0
8	2026-03-27 08:34:58	1	0	1	0	0	0	0	0	0
18	2026-03-27 08:54:56	1	0	1	0	0	0	0	0	0
11	2026-03-27 16:05:09	1	1	1	0	0	0	0	0	0
25	2026-03-27 16:28:22	1	1	1	0	0	0	0	0	0
8	2026-03-27 16:31:37	1	1	1	0	0	0	0	0	0
12	2026-03-27 16:34:14	1	1	1	0	0	0	0	0	0
9	2026-03-27 16:53:24	1	1	1	0	0	0	0	0	0
21	2026-03-27 16:55:58	1	1	1	0	0	0	0	0	0
23	2026-03-27 16:56:06	1	1	1	0	0	0	0	0	0
22	2026-03-27 16:59:31	1	1	1	0	0	0	0	0	0
10	2026-03-27 16:59:34	1	1	1	0	0	0	0	0	0
29	2026-03-27 17:27:40	1	1	1	0	0	0	0	0	0
15	2026-03-27 18:42:50	1	1	1	0	0	0	0	0	0
29	2026-03-27 19:05:50	1	1	1	0	0	0	0	0	0
20	2026-03-27 19:30:36	1	1	1	0	0	0	0	0	0
18	2026-03-27 19:30:38	1	1	1	0	0	0	0	0	0
2	2026-03-27 20:06:45	1	1	1	0	0	0	0	0	0
4	2026-03-27 20:06:47	1	1	1	0	0	0	0	0	0
3	2026-03-27 20:07:06	1	1	1	0	0	0	0	0	0
11	2026-03-28 07:36:29	1	0	1	0	0	0	0	0	0
25	2026-03-28 07:39:21	1	0	1	0	0	0	0	0	0
7	2026-03-28 07:40:00	1	0	1	0	0	0	0	0	0
10	2026-03-28 07:44:52	1	0	1	0	0	0	0	0	0
21	2026-03-28 07:53:45	1	0	1	0	0	0	0	0	0
31	2026-03-28 07:58:13	1	0	1	0	0	0	0	0	0
8	2026-03-28 08:00:47	1	0	1	0	0	0	0	0	0
14	2026-03-28 08:00:57	1	0	1	0	0	0	0	0	0
22	2026-03-28 08:01:16	1	0	1	0	0	0	0	0	0
9	2026-03-28 08:02:06	1	0	1	0	0	0	0	0	0
2	2026-03-28 08:03:11	1	0	1	0	0	0	0	0	0
23	2026-03-28 08:09:45	1	0	1	0	0	0	0	0	0
19	2026-03-28 08:10:33	1	0	1	0	0	0	0	0	0
4	2026-03-28 08:10:36	1	0	1	0	0	0	0	0	0
15	2026-03-28 08:13:54	1	0	1	0	0	0	0	0	0
12	2026-03-28 08:03:41	1	0	1	0	0	0	0	0	0
20	2026-03-28 08:26:33	1	0	1	0	0	0	0	0	0
28	2026-03-28 08:30:19	1	0	1	0	0	0	0	0	0
3	2026-03-28 08:32:29	1	0	1	0	0	0	0	0	0
29	2026-03-28 08:37:06	1	0	1	0	0	0	0	0	0
29	2026-03-28 09:02:48	1	0	1	0	0	0	0	0	0
18	2026-03-28 09:02:57	1	0	1	0	0	0	0	0	0
21	2026-03-28 16:05:21	1	1	1	0	0	0	0	0	0
25	2026-03-28 16:06:37	1	1	1	0	0	0	0	0	0
8	2026-03-28 16:28:44	1	1	1	0	0	0	0	0	0
10	2026-03-28 16:37:28	1	1	1	0	0	0	0	0	0
23	2026-03-28 16:38:04	1	1	1	0	0	0	0	0	0
11	2026-03-28 16:44:23	1	1	1	0	0	0	0	0	0
9	2026-03-28 16:47:11	1	1	1	0	0	0	0	0	0
12	2026-03-28 16:47:11	1	1	1	0	0	0	0	0	0
29	2026-03-28 17:35:48	1	1	1	0	0	0	0	0	0
18	2026-03-28 17:45:23	1	1	1	0	0	0	0	0	0
22	2026-03-28 17:35:48	1	1	1	0	0	0	0	0	0
29	2026-03-28 17:57:28	1	1	1	0	0	0	0	0	0
31	2026-03-28 18:13:18	1	1	1	0	0	0	0	0	0
6	2026-03-28 18:13:24	1	1	1	0	0	0	0	0	0
15	2026-03-28 18:20:54	1	1	1	0	0	0	0	0	0
4	2026-03-28 19:38:26	1	1	1	0	0	0	0	0	0
2	2026-03-28 19:38:43	1	1	1	0	0	0	0	0	0
11	2026-03-30 07:39:19	1	0	1	0	0	0	0	0	0
28	2026-03-30 07:39:55	1	0	1	0	0	0	0	0	0
25	2026-03-30 07:46:59	1	0	1	0	0	0	0	0	0
2	2026-03-30 07:48:57	1	0	1	0	0	0	0	0	0
10	2026-03-30 07:50:33	1	0	1	0	0	0	0	0	0
12	2026-03-30 07:56:03	1	0	1	0	0	0	0	0	0
31	2026-03-30 07:56:09	1	0	1	0	0	0	0	0	0
7	2026-03-30 07:56:12	1	0	1	0	0	0	0	0	0
13	2026-03-30 07:56:25	1	0	1	0	0	0	0	0	0
19	2026-03-30 07:57:06	1	0	1	0	0	0	0	0	0
22	2026-03-30 07:59:43	1	0	1	0	0	0	0	0	0
21	2026-03-30 08:00:21	1	0	1	0	0	0	0	0	0
23	2026-03-30 08:00:46	1	0	1	0	0	0	0	0	0
29	2026-03-30 08:00:59	1	0	1	0	0	0	0	0	0
8	2026-03-30 08:02:49	1	0	1	0	0	0	0	0	0
3	2026-03-30 08:04:19	1	0	1	0	0	0	0	0	0
9	2026-03-30 08:06:18	1	0	1	0	0	0	0	0	0
4	2026-03-30 08:08:02	1	0	1	0	0	0	0	0	0
14	2026-03-30 08:11:32	1	0	1	0	0	0	0	0	0
15	2026-03-30 08:13:07	1	0	1	0	0	0	0	0	0
17	2026-03-30 08:15:54	1	0	1	0	0	0	0	0	0
20	2026-03-30 08:23:54	1	0	1	0	0	0	0	0	0
18	2026-03-30 08:24:58	1	0	1	0	0	0	0	0	0
11	2026-03-30 16:06:18	1	1	1	0	0	0	0	0	0
25	2026-03-30 16:33:28	1	1	1	0	0	0	0	0	0
9	2026-03-30 16:54:43	1	1	1	0	0	0	0	0	0
21	2026-03-30 16:55:30	1	1	1	0	0	0	0	0	0
29	2026-03-30 17:10:18	1	1	1	0	0	0	0	0	0
13	2026-03-30 17:11:30	1	1	1	0	0	0	0	0	0
12	2026-03-30 17:26:54	1	1	1	0	0	0	0	0	0
22	2026-03-30 17:35:28	1	1	1	0	0	0	0	0	0
23	2026-03-30 18:05:58	1	1	1	0	0	0	0	0	0
10	2026-03-30 18:29:13	1	1	1	0	0	0	0	0	0
29	2026-03-30 18:34:54	1	1	1	0	0	0	0	0	0
8	2026-03-30 18:39:44	1	1	1	0	0	0	0	0	0
6	2026-03-30 19:38:39	1	1	1	0	0	0	0	0	0
15	2026-03-30 20:22:45	1	1	1	0	0	0	0	0	0
3	2026-03-30 21:25:23	1	1	1	0	0	0	0	0	0
4	2026-03-30 21:27:05	1	1	1	0	0	0	0	0	0
10	2026-03-31 07:37:31	1	0	1	0	0	0	0	0	0
28	2026-03-31 07:42:47	1	0	1	0	0	0	0	0	0
11	2026-03-31 07:48:02	1	0	1	0	0	0	0	0	0
25	2026-03-31 07:50:18	1	0	1	0	0	0	0	0	0
21	2026-03-31 07:54:51	1	0	1	0	0	0	0	0	0
19	2026-03-31 07:55:40	1	0	1	0	0	0	0	0	0
7	2026-03-31 07:59:27	1	0	1	0	0	0	0	0	0
23	2026-03-31 08:00:47	1	0	1	0	0	0	0	0	0
22	2026-03-31 08:01:21	1	0	1	0	0	0	0	0	0
31	2026-03-31 08:02:56	1	0	1	0	0	0	0	0	0
9	2026-03-31 08:04:02	1	0	1	0	0	0	0	0	0
29	2026-03-31 08:06:05	1	0	1	0	0	0	0	0	0
14	2026-03-31 08:06:37	1	0	1	0	0	0	0	0	0
3	2026-03-31 08:07:39	1	0	1	0	0	0	0	0	0
8	2026-03-31 08:04:45	1	0	1	0	0	0	0	0	0
13	2026-03-31 08:10:10	1	0	1	0	0	0	0	0	0
20	2026-03-31 08:10:32	1	0	1	0	0	0	0	0	0
17	2026-03-31 08:14:09	1	0	1	0	0	0	0	0	0
15	2026-03-31 08:14:34	1	0	1	0	0	0	0	0	0
12	2026-03-31 08:21:30	1	0	1	0	0	0	0	0	0
2	2026-03-31 08:57:05	1	0	1	0	0	0	0	0	0
8	2026-03-31 16:25:01	1	0	1	0	0	0	0	0	0
9	2026-03-31 16:40:35	1	1	1	0	0	0	0	0	0
21	2026-03-31 16:47:27	1	1	1	0	0	0	0	0	0
25	2026-03-31 16:50:09	1	1	1	0	0	0	0	0	0
13	2026-03-31 17:06:21	1	1	1	0	0	0	0	0	0
10	2026-03-31 17:07:10	1	1	1	0	0	0	0	0	0
22	2026-03-31 17:07:10	1	1	1	0	0	0	0	0	0
8	2026-03-31 17:07:12	1	1	1	0	0	0	0	0	0
12	2026-03-31 17:07:18	1	1	1	0	0	0	0	0	0
29	2026-03-31 17:30:19	1	1	1	0	0	0	0	0	0
11	2026-03-31 17:44:40	1	1	1	0	0	0	0	0	0
23	2026-03-31 18:22:28	1	1	1	0	0	0	0	0	0
15	2026-03-31 19:50:11	1	1	1	0	0	0	0	0	0
6	2026-03-31 21:16:52	1	1	1	0	0	0	0	0	0
31	2026-03-31 21:16:58	1	1	1	0	0	0	0	0	0
2	2026-03-31 23:01:55	1	1	1	0	0	0	0	0	0
4	2026-03-31 23:02:02	1	1	1	0	0	0	0	0	0
3	2026-03-31 23:02:06	1	1	1	0	0	0	0	0	0
22	2026-04-01 07:44:16	1	0	1	0	0	0	0	0	0
28	2026-04-01 07:46:20	1	0	1	0	0	0	0	0	0
11	2026-04-01 07:52:00	1	0	1	0	0	0	0	0	0
7	2026-04-01 07:57:19	1	0	1	0	0	0	0	0	0
10	2026-04-01 07:57:24	1	0	1	0	0	0	0	0	0
19	2026-04-01 07:58:05	1	0	1	0	0	0	0	0	0
21	2026-04-01 07:59:39	1	0	1	0	0	0	0	0	0
17	2026-04-01 08:00:06	1	0	1	0	0	0	0	0	0
2	2026-04-01 08:01:03	1	0	1	0	0	0	0	0	0
23	2026-04-01 08:02:59	1	0	1	0	0	0	0	0	0
8	2026-04-01 08:03:02	1	0	1	0	0	0	0	0	0
3	2026-04-01 08:03:12	1	0	1	0	0	0	0	0	0
25	2026-04-01 08:03:18	1	0	1	0	0	0	0	0	0
9	2026-04-01 08:04:26	1	0	1	0	0	0	0	0	0
13	2026-04-01 08:05:09	1	0	1	0	0	0	0	0	0
29	2026-04-01 08:06:17	1	0	1	0	0	0	0	0	0
15	2026-04-01 08:06:55	1	0	1	0	0	0	0	0	0
31	2026-04-01 08:07:05	1	0	1	0	0	0	0	0	0
14	2026-04-01 08:09:22	1	0	1	0	0	0	0	0	0
4	2026-04-01 08:10:33	1	0	1	0	0	0	0	0	0
12	2026-04-01 08:04:53	1	0	1	0	0	0	0	0	0
20	2026-04-01 08:32:04	1	0	1	0	0	0	0	0	0
25	2026-04-01 16:13:43	1	0	1	0	0	0	0	0	0
21	2026-04-01 16:29:58	1	1	1	0	0	0	0	0	0
13	2026-04-01 16:35:17	1	1	1	0	0	0	0	0	0
10	2026-04-01 16:36:54	1	1	1	0	0	0	0	0	0
11	2026-04-01 16:49:32	1	1	1	0	0	0	0	0	0
8	2026-04-01 17:10:30	1	1	1	0	0	0	0	0	0
12	2026-04-01 17:24:22	1	1	1	0	0	0	0	0	0
23	2026-04-01 17:27:32	1	1	1	0	0	0	0	0	0
9	2026-04-01 17:50:59	1	1	1	0	0	0	0	0	0
22	2026-04-01 18:02:05	1	1	1	0	0	0	0	0	0
18	2026-04-01 20:04:56	1	1	1	0	0	0	0	0	0
29	2026-04-01 20:31:21	1	1	1	0	0	0	0	0	0
20	2026-04-01 20:31:26	1	1	1	0	0	0	0	0	0
15	2026-04-01 21:23:21	1	1	1	0	0	0	0	0	0
2	2026-04-01 21:59:41	1	1	1	0	0	0	0	0	0
4	2026-04-01 22:00:03	1	1	1	0	0	0	0	0	0
3	2026-04-01 22:00:19	1	1	1	0	0	0	0	0	0
28	2026-04-02 07:39:47	1	1	1	0	0	0	0	0	0
10	2026-04-02 07:43:08	1	0	1	0	0	0	0	0	0
31	2026-04-02 07:44:11	1	0	1	0	0	0	0	0	0
11	2026-04-02 07:46:32	1	0	1	0	0	0	0	0	0
21	2026-04-02 07:52:58	1	0	1	0	0	0	0	0	0
19	2026-04-02 07:54:07	1	0	1	0	0	0	0	0	0
22	2026-04-02 07:56:29	1	0	1	0	0	0	0	0	0
7	2026-04-02 08:00:55	1	0	1	0	0	0	0	0	0
23	2026-04-02 08:01:10	1	0	1	0	0	0	0	0	0
8	2026-04-02 08:01:33	1	0	1	0	0	0	0	0	0
13	2026-04-02 08:02:51	1	0	1	0	0	0	0	0	0
12	2026-04-02 08:03:07	1	0	1	0	0	0	0	0	0
9	2026-04-02 08:03:39	1	0	1	0	0	0	0	0	0
14	2026-04-02 08:07:21	1	0	1	0	0	0	0	0	0
25	2026-04-02 08:11:34	1	0	1	0	0	0	0	0	0
4	2026-04-02 08:12:55	1	0	1	0	0	0	0	0	0
3	2026-04-02 08:13:22	1	0	1	0	0	0	0	0	0
29	2026-04-02 08:13:40	1	0	1	0	0	0	0	0	0
17	2026-04-02 08:14:52	1	0	1	0	0	0	0	0	0
2	2026-04-02 08:15:16	1	0	1	0	0	0	0	0	0
15	2026-04-02 08:15:21	1	0	1	0	0	0	0	0	0
25	2026-04-02 16:07:47	1	0	1	0	0	0	0	0	0
8	2026-04-02 16:21:13	1	1	1	0	0	0	0	0	0
21	2026-04-02 16:33:06	1	1	1	0	0	0	0	0	0
13	2026-04-02 16:36:21	1	1	1	0	0	0	0	0	0
12	2026-04-02 16:56:17	1	1	1	0	0	0	0	0	0
11	2026-04-02 16:57:24	1	1	1	0	0	0	0	0	0
10	2026-04-02 16:58:54	1	1	1	0	0	0	0	0	0
8	2026-04-02 17:02:24	1	1	1	0	0	0	0	0	0
23	2026-04-02 17:21:40	1	1	1	0	0	0	0	0	0
22	2026-04-02 17:21:40	1	1	1	0	0	0	0	0	0
9	2026-04-02 17:21:42	1	1	1	0	0	0	0	0	0
14	2026-04-02 19:48:10	1	1	1	0	0	0	0	0	0
20	2026-04-02 19:59:42	1	1	1	0	0	0	0	0	0
29	2026-04-02 20:21:51	1	1	1	0	0	0	0	0	0
3	2026-04-02 21:02:26	1	1	1	0	0	0	0	0	0
15	2026-04-02 21:08:36	1	1	1	0	0	0	0	0	0
2	2026-04-02 21:52:19	1	1	1	0	0	0	0	0	0
4	2026-04-02 21:52:22	1	1	1	0	0	0	0	0	0
11	2026-04-03 07:49:51	1	0	1	0	0	0	0	0	0
10	2026-04-03 07:51:47	1	0	1	0	0	0	0	0	0
23	2026-04-03 07:52:31	1	0	1	0	0	0	0	0	0
7	2026-04-03 07:58:59	1	0	1	0	0	0	0	0	0
21	2026-04-03 07:59:16	1	0	1	0	0	0	0	0	0
19	2026-04-03 08:01:04	1	0	1	0	0	0	0	0	0
31	2026-04-03 08:01:40	1	0	1	0	0	0	0	0	0
22	2026-04-03 08:01:46	1	0	1	0	0	0	0	0	0
14	2026-04-03 08:02:12	1	0	1	0	0	0	0	0	0
25	2026-04-03 08:02:30	1	0	1	0	0	0	0	0	0
8	2026-04-03 08:02:38	1	0	1	0	0	0	0	0	0
12	2026-04-03 08:03:51	1	0	1	0	0	0	0	0	0
28	2026-04-03 08:07:08	1	0	1	0	0	0	0	0	0
9	2026-04-03 08:04:47	1	0	1	0	0	0	0	0	0
13	2026-04-03 08:09:50	1	0	1	0	0	0	0	0	0
3	2026-04-03 08:13:02	1	0	1	0	0	0	0	0	0
15	2026-04-03 08:13:31	1	0	1	0	0	0	0	0	0
4	2026-04-03 08:13:39	1	0	1	0	0	0	0	0	0
20	2026-04-03 08:31:18	1	0	1	0	0	0	0	0	0
29	2026-04-03 08:32:39	1	0	1	0	0	0	0	0	0
12	2026-04-03 15:59:11	1	0	1	0	0	0	0	0	0
10	2026-04-03 16:24:21	1	1	1	0	0	0	0	0	0
21	2026-04-03 16:25:43	1	1	1	0	0	0	0	0	0
9	2026-04-03 16:29:23	1	1	1	0	0	0	0	0	0
29	2026-04-03 16:32:42	1	1	1	0	0	0	0	0	0
25	2026-04-03 16:40:17	1	1	1	0	0	0	0	0	0
11	2026-04-03 17:00:56	1	1	1	0	0	0	0	0	0
22	2026-04-03 17:04:33	1	1	1	0	0	0	0	0	0
23	2026-04-03 17:05:33	1	1	1	0	0	0	0	0	0
8	2026-04-03 17:09:34	1	1	1	0	0	0	0	0	0
18	2026-04-03 18:38:09	1	1	1	0	0	0	0	0	0
20	2026-04-03 18:41:06	1	1	1	0	0	0	0	0	0
15	2026-04-03 19:08:32	1	1	1	0	0	0	0	0	0
3	2026-04-03 20:00:59	1	1	1	0	0	0	0	0	0
4	2026-04-03 20:01:04	1	1	1	0	0	0	0	0	0
11	2026-04-04 07:45:39	1	0	1	0	0	0	0	0	0
28	2026-04-04 07:48:50	1	0	1	0	0	0	0	0	0
10	2026-04-04 07:53:17	1	0	1	0	0	0	0	0	0
19	2026-04-04 07:55:23	1	0	1	0	0	0	0	0	0
7	2026-04-04 07:56:10	1	0	1	0	0	0	0	0	0
22	2026-04-04 07:56:40	1	0	1	0	0	0	0	0	0
25	2026-04-04 08:03:02	1	0	1	0	0	0	0	0	0
21	2026-04-04 08:03:17	1	0	1	0	0	0	0	0	0
23	2026-04-04 08:03:46	1	0	1	0	0	0	0	0	0
12	2026-04-04 08:03:57	1	0	1	0	0	0	0	0	0
13	2026-04-04 08:04:07	1	0	1	0	0	0	0	0	0
8	2026-04-04 08:04:47	1	0	1	0	0	0	0	0	0
4	2026-04-04 08:05:01	1	0	1	0	0	0	0	0	0
31	2026-04-04 08:05:13	1	0	1	0	0	0	0	0	0
9	2026-04-04 08:05:45	1	0	1	0	0	0	0	0	0
14	2026-04-04 08:15:40	1	0	1	0	0	0	0	0	0
15	2026-04-04 08:17:23	1	0	1	0	0	0	0	0	0
17	2026-04-04 08:17:30	1	0	1	0	0	0	0	0	0
3	2026-04-04 08:24:30	1	0	1	0	0	0	0	0	0
29	2026-04-04 08:24:44	1	0	1	0	0	0	0	0	0
20	2026-04-04 08:38:29	1	0	1	0	0	0	0	0	0
20	2026-04-04 08:47:53	1	0	1	0	0	0	0	0	0
29	2026-04-04 09:18:03	1	0	1	0	0	0	0	0	0
13	2026-04-04 16:06:06	1	1	1	0	0	0	0	0	0
22	2026-04-04 16:20:45	1	1	1	0	0	0	0	0	0
7	2026-04-04 16:24:53	1	1	1	0	0	0	0	0	0
11	2026-04-04 16:31:01	1	1	1	0	0	0	0	0	0
9	2026-04-04 16:55:29	1	1	1	0	0	0	0	0	0
12	2026-04-04 17:25:59	1	1	1	0	0	0	0	0	0
23	2026-04-04 17:31:58	1	1	1	0	0	0	0	0	0
29	2026-04-04 17:32:38	1	1	1	0	0	0	0	0	0
25	2026-04-04 17:35:40	1	1	1	0	0	0	0	0	0
10	2026-04-04 17:48:54	1	1	1	0	0	0	0	0	0
8	2026-04-04 17:48:58	1	1	1	0	0	0	0	0	0
18	2026-04-04 18:03:58	1	1	1	0	0	0	0	0	0
14	2026-04-04 19:30:50	1	1	1	0	0	0	0	0	0
15	2026-04-04 21:04:50	1	1	1	0	0	0	0	0	0
20	2026-04-04 21:05:02	1	1	1	0	0	0	0	0	0
3	2026-04-04 21:05:27	1	1	1	0	0	0	0	0	0
4	2026-04-04 21:05:29	1	1	1	0	0	0	0	0	0
28	2026-04-06 07:35:14	1	0	1	0	0	0	0	0	0
10	2026-04-06 07:49:20	1	0	1	0	0	0	0	0	0
19	2026-04-06 07:50:39	1	0	1	0	0	0	0	0	0
11	2026-04-06 07:53:49	1	0	1	0	0	0	0	0	0
25	2026-04-06 07:58:27	1	0	1	0	0	0	0	0	0
21	2026-04-06 07:59:37	1	0	1	0	0	0	0	0	0
2	2026-04-06 08:01:04	1	0	1	0	0	0	0	0	0
13	2026-04-06 08:01:16	1	0	1	0	0	0	0	0	0
23	2026-04-06 08:02:35	1	0	1	0	0	0	0	0	0
9	2026-04-06 08:02:45	1	0	1	0	0	0	0	0	0
8	2026-04-06 08:04:33	1	0	1	0	0	0	0	0	0
22	2026-04-06 08:04:45	1	0	1	0	0	0	0	0	0
31	2026-04-06 08:08:54	1	0	1	0	0	0	0	0	0
7	2026-04-06 08:11:06	1	0	1	0	0	0	0	0	0
12	2026-04-06 08:02:52	1	0	1	0	0	0	0	0	0
3	2026-04-06 08:12:56	1	0	1	0	0	0	0	0	0
17	2026-04-06 08:13:23	1	0	1	0	0	0	0	0	0
4	2026-04-06 08:15:44	1	0	1	0	0	0	0	0	0
14	2026-04-06 08:16:58	1	0	1	0	0	0	0	0	0
29	2026-04-06 08:23:30	1	0	1	0	0	0	0	0	0
12	2026-04-06 17:06:23	1	0	1	0	0	0	0	0	0
9	2026-04-06 17:06:25	1	0	1	0	0	0	0	0	0
22	2026-04-06 17:27:25	1	0	1	0	0	0	0	0	0
29	2026-04-06 17:42:07	1	0	1	0	0	0	0	0	0
8	2026-04-06 17:42:25	1	0	1	0	0	0	0	0	0
10	2026-04-06 18:23:38	1	1	1	0	0	0	0	0	0
23	2026-04-06 18:38:14	1	1	1	0	0	0	0	0	0
18	2026-04-06 19:06:00	1	1	1	0	0	0	0	0	0
20	2026-04-06 19:06:02	1	1	1	0	0	0	0	0	0
3	2026-04-06 20:36:38	1	1	1	0	0	0	0	0	0
2	2026-04-06 20:36:58	1	1	1	0	0	0	0	0	0
4	2026-04-06 20:37:04	1	1	1	0	0	0	0	0	0
28	2026-04-07 07:41:47	1	0	1	0	0	0	0	0	0
19	2026-04-07 07:45:17	1	0	1	0	0	0	0	0	0
7	2026-04-07 07:53:04	1	0	1	0	0	0	0	0	0
31	2026-04-07 07:53:51	1	0	1	0	0	0	0	0	0
21	2026-04-07 07:55:10	1	0	1	0	0	0	0	0	0
10	2026-04-07 07:55:13	1	0	1	0	0	0	0	0	0
11	2026-04-07 07:58:04	1	0	1	0	0	0	0	0	0
13	2026-04-07 07:58:59	1	0	1	0	0	0	0	0	0
8	2026-04-07 08:00:44	1	0	1	0	0	0	0	0	0
2	2026-04-07 08:02:03	1	0	1	0	0	0	0	0	0
22	2026-04-07 08:03:30	1	0	1	0	0	0	0	0	0
9	2026-04-07 08:04:14	1	0	1	0	0	0	0	0	0
23	2026-04-07 08:04:35	1	0	1	0	0	0	0	0	0
14	2026-04-07 08:09:17	1	0	1	0	0	0	0	0	0
15	2026-04-07 08:11:34	1	0	1	0	0	0	0	0	0
17	2026-04-07 08:11:37	1	0	1	0	0	0	0	0	0
12	2026-04-07 08:02:28	1	0	1	0	0	0	0	0	0
3	2026-04-07 08:17:32	1	0	1	0	0	0	0	0	0
29	2026-04-07 08:21:21	1	0	1	0	0	0	0	0	0
20	2026-04-07 08:29:28	1	0	1	0	0	0	0	0	0
18	2026-04-07 08:29:41	1	0	1	0	0	0	0	0	0
25	2026-04-07 08:32:30	1	0	1	0	0	0	0	0	0
11	2026-04-07 16:19:29	1	1	1	0	0	0	0	0	0
25	2026-04-07 16:43:51	1	1	1	0	0	0	0	0	0
13	2026-04-07 16:46:53	1	1	1	0	0	0	0	0	0
9	2026-04-07 17:05:49	1	1	1	0	0	0	0	0	0
23	2026-04-07 17:28:02	1	1	1	0	0	0	0	0	0
22	2026-04-07 17:29:02	1	1	1	0	0	0	0	0	0
8	2026-04-07 17:29:02	1	1	1	0	0	0	0	0	0
29	2026-04-07 17:35:48	1	1	1	0	0	0	0	0	0
12	2026-04-07 17:40:50	1	1	1	0	0	0	0	0	0
10	2026-04-07 18:20:10	1	1	1	0	0	0	0	0	0
29	2026-04-07 19:01:33	1	1	1	0	0	0	0	0	0
20	2026-04-07 19:06:39	1	1	1	0	0	0	0	0	0
15	2026-04-07 20:19:41	1	1	1	0	0	0	0	0	0
14	2026-04-07 20:24:39	1	1	1	0	0	0	0	0	0
4	2026-04-07 21:14:53	1	1	1	0	0	0	0	0	0
2	2026-04-07 21:15:00	1	1	1	0	0	0	0	0	0
19	2026-04-08 07:47:19	1	1	1	0	0	0	0	0	0
25	2026-04-08 07:48:21	1	0	1	0	0	0	0	0	0
28	2026-04-08 07:52:21	1	0	1	0	0	0	0	0	0
10	2026-04-08 07:53:05	1	0	1	0	0	0	0	0	0
11	2026-04-08 07:54:33	1	0	1	0	0	0	0	0	0
31	2026-04-08 07:54:38	1	0	1	0	0	0	0	0	0
7	2026-04-08 07:55:26	1	0	1	0	0	0	0	0	0
21	2026-04-08 07:58:29	1	0	1	0	0	0	0	0	0
2	2026-04-08 07:59:54	1	0	1	0	0	0	0	0	0
8	2026-04-08 08:01:57	1	0	1	0	0	0	0	0	0
13	2026-04-08 08:02:01	1	0	1	0	0	0	0	0	0
9	2026-04-08 08:03:50	1	0	1	0	0	0	0	0	0
23	2026-04-08 08:05:31	1	0	1	0	0	0	0	0	0
12	2026-04-08 08:05:39	1	0	1	0	0	0	0	0	0
15	2026-04-08 08:06:41	1	0	1	0	0	0	0	0	0
14	2026-04-08 08:11:13	1	0	1	0	0	0	0	0	0
17	2026-04-08 08:11:24	1	0	1	0	0	0	0	0	0
22	2026-04-08 08:04:45	1	0	1	0	0	0	0	0	0
4	2026-04-08 08:17:36	1	0	1	0	0	0	0	0	0
29	2026-04-08 08:23:14	1	0	1	0	0	0	0	0	0
3	2026-04-08 08:23:27	1	0	1	0	0	0	0	0	0
11	2026-04-08 16:22:10	1	1	1	0	0	0	0	0	0
12	2026-04-08 16:27:53	1	1	1	0	0	0	0	0	0
10	2026-04-08 16:50:43	1	1	1	0	0	0	0	0	0
9	2026-04-08 16:55:38	1	1	1	0	0	0	0	0	0
22	2026-04-08 16:55:43	1	1	1	0	0	0	0	0	0
8	2026-04-08 17:29:02	1	1	1	0	0	0	0	0	0
23	2026-04-08 17:34:56	1	1	1	0	0	0	0	0	0
14	2026-04-08 19:37:06	1	1	1	0	0	0	0	0	0
29	2026-04-08 20:13:03	1	1	1	0	0	0	0	0	0
15	2026-04-08 20:13:16	1	1	1	0	0	0	0	0	0
3	2026-04-08 20:20:39	1	1	1	0	0	0	0	0	0
20	2026-04-08 20:31:32	1	1	1	0	0	0	0	0	0
4	2026-04-08 20:57:21	1	1	1	0	0	0	0	0	0
2	2026-04-08 20:57:42	1	1	1	0	0	0	0	0	0
28	2026-04-09 07:39:10	1	1	1	0	0	0	0	0	0
11	2026-04-09 07:39:27	1	0	1	0	0	0	0	0	0
25	2026-04-09 07:48:38	1	0	1	0	0	0	0	0	0
21	2026-04-09 07:53:01	1	0	1	0	0	0	0	0	0
7	2026-04-09 07:56:07	1	0	1	0	0	0	0	0	0
31	2026-04-09 07:58:00	1	0	1	0	0	0	0	0	0
10	2026-04-09 07:58:12	1	0	1	0	0	0	0	0	0
19	2026-04-09 07:58:18	1	0	1	0	0	0	0	0	0
8	2026-04-09 08:00:29	1	0	1	0	0	0	0	0	0
9	2026-04-09 08:00:38	1	0	1	0	0	0	0	0	0
23	2026-04-09 08:04:12	1	0	1	0	0	0	0	0	0
13	2026-04-09 08:04:39	1	0	1	0	0	0	0	0	0
15	2026-04-09 08:05:25	1	0	1	0	0	0	0	0	0
22	2026-04-09 08:03:44	1	0	1	0	0	0	0	0	0
12	2026-04-09 08:04:46	1	0	1	0	0	0	0	0	0
17	2026-04-09 08:11:37	1	0	1	0	0	0	0	0	0
14	2026-04-09 08:13:01	1	0	1	0	0	0	0	0	0
2	2026-04-09 08:13:09	1	0	1	0	0	0	0	0	0
4	2026-04-09 08:20:04	1	0	1	0	0	0	0	0	0
29	2026-04-09 08:22:42	1	0	1	0	0	0	0	0	0
3	2026-04-09 08:25:56	1	0	1	0	0	0	0	0	0
20	2026-04-09 08:34:33	1	0	1	0	0	0	0	0	0
25	2026-04-09 16:25:49	1	1	1	0	0	0	0	0	0
7	2026-04-09 16:28:53	1	1	1	0	0	0	0	0	0
11	2026-04-09 16:33:44	1	1	1	0	0	0	0	0	0
8	2026-04-09 16:42:45	1	1	1	0	0	0	0	0	0
29	2026-04-09 16:57:48	1	1	1	0	0	0	0	0	0
10	2026-04-09 16:57:54	1	1	1	0	0	0	0	0	0
9	2026-04-09 17:08:24	1	1	1	0	0	0	0	0	0
12	2026-04-09 17:08:24	1	1	1	0	0	0	0	0	0
22	2026-04-09 17:08:24	1	1	1	0	0	0	0	0	0
23	2026-04-09 17:41:44	1	1	1	0	0	0	0	0	0
18	2026-04-09 18:20:43	1	1	1	0	0	0	0	0	0
15	2026-04-09 18:51:03	1	1	1	0	0	0	0	0	0
20	2026-04-09 19:13:39	1	1	1	0	0	0	0	0	0
14	2026-04-09 19:38:52	1	1	1	0	0	0	0	0	0
2	2026-04-09 20:22:57	1	1	1	0	0	0	0	0	0
3	2026-04-09 20:23:26	1	1	1	0	0	0	0	0	0
4	2026-04-09 20:23:31	1	1	1	0	0	0	0	0	0
28	2026-04-10 07:42:04	1	1	1	0	0	0	0	0	0
11	2026-04-10 07:43:54	1	0	1	0	0	0	0	0	0
25	2026-04-10 07:47:03	1	0	1	0	0	0	0	0	0
19	2026-04-10 07:49:38	1	0	1	0	0	0	0	0	0
10	2026-04-10 07:52:28	1	0	1	0	0	0	0	0	0
7	2026-04-10 07:54:52	1	0	1	0	0	0	0	0	0
21	2026-04-10 07:56:02	1	0	1	0	0	0	0	0	0
22	2026-04-10 07:58:35	1	0	1	0	0	0	0	0	0
13	2026-04-10 08:01:21	1	0	1	0	0	0	0	0	0
23	2026-04-10 08:04:11	1	0	1	0	0	0	0	0	0
8	2026-04-10 08:05:08	1	0	1	0	0	0	0	0	0
14	2026-04-10 08:05:24	1	0	1	0	0	0	0	0	0
31	2026-04-10 08:05:52	1	0	1	0	0	0	0	0	0
15	2026-04-10 08:06:17	1	0	1	0	0	0	0	0	0
2	2026-04-10 08:08:04	1	0	1	0	0	0	0	0	0
12	2026-04-10 08:02:38	1	0	1	0	0	0	0	0	0
9	2026-04-10 08:03:34	1	0	1	0	0	0	0	0	0
4	2026-04-10 08:16:24	1	0	1	0	0	0	0	0	0
29	2026-04-10 08:18:10	1	0	1	0	0	0	0	0	0
3	2026-04-10 08:20:13	1	0	1	0	0	0	0	0	0
12	2026-04-10 16:15:20	1	1	1	0	0	0	0	0	0
10	2026-04-10 16:29:46	1	1	1	0	0	0	0	0	0
9	2026-04-10 16:44:29	1	1	1	0	0	0	0	0	0
8	2026-04-10 16:51:16	1	1	1	0	0	0	0	0	0
23	2026-04-10 17:22:36	1	1	1	0	0	0	0	0	0
22	2026-04-10 17:22:36	1	1	1	0	0	0	0	0	0
15	2026-04-10 18:50:49	1	1	1	0	0	0	0	0	0
4	2026-04-10 20:22:00	1	1	1	0	0	0	0	0	0
2	2026-04-10 20:22:02	1	1	1	0	0	0	0	0	0
3	2026-04-10 20:22:05	1	1	1	0	0	0	0	0	0
28	2026-04-11 08:00:47	1	1	1	0	0	0	0	0	0
10	2026-04-11 08:00:57	1	0	1	0	0	0	0	0	0
7	2026-04-11 08:01:02	1	0	1	0	0	0	0	0	0
19	2026-04-11 08:01:15	1	0	1	0	0	0	0	0	0
25	2026-04-11 08:01:24	1	0	1	0	0	0	0	0	0
21	2026-04-11 08:01:37	1	0	1	0	0	0	0	0	0
13	2026-04-11 08:02:08	1	0	1	0	0	0	0	0	0
11	2026-04-11 08:03:10	1	0	1	0	0	0	0	0	0
31	2026-04-11 08:04:39	1	0	1	0	0	0	0	0	0
23	2026-04-11 08:05:43	1	0	1	0	0	0	0	0	0
14	2026-04-11 08:07:05	1	0	1	0	0	0	0	0	0
29	2026-04-11 08:07:34	1	0	1	0	0	0	0	0	0
15	2026-04-11 08:07:52	1	0	1	0	0	0	0	0	0
22	2026-04-11 08:03:01	1	0	1	0	0	0	0	0	0
2	2026-04-11 08:12:22	1	0	1	0	0	0	0	0	0
9	2026-04-11 08:02:31	1	0	1	0	0	0	0	0	0
3	2026-04-11 08:13:21	1	0	1	0	0	0	0	0	0
4	2026-04-11 08:13:41	1	0	1	0	0	0	0	0	0
12	2026-04-11 08:04:31	1	0	1	0	0	0	0	0	0
17	2026-04-11 08:16:56	1	0	1	0	0	0	0	0	0
8	2026-04-11 08:04:00	1	0	1	0	0	0	0	0	0
8	2026-04-11 16:12:37	1	0	1	0	0	0	0	0	0
22	2026-04-11 17:12:36	1	1	1	0	0	0	0	0	0
11	2026-04-11 16:18:18	1	1	1	0	0	0	0	0	0
10	2026-04-11 16:23:02	1	1	1	0	0	0	0	0	0
12	2026-04-11 16:41:21	1	1	1	0	0	0	0	0	0
9	2026-04-11 16:52:34	1	1	1	0	0	0	0	0	0
15	2026-04-11 17:12:06	1	1	1	0	0	0	0	0	0
23	2026-04-11 17:31:46	1	1	1	0	0	0	0	0	0
29	2026-04-11 18:16:42	1	1	1	0	0	0	0	0	0
2	2026-04-11 19:40:13	1	1	1	0	0	0	0	0	0
4	2026-04-11 19:40:26	1	1	1	0	0	0	0	0	0
3	2026-04-11 19:40:28	1	1	1	0	0	0	0	0	0
